species,phenology,baseline_1970to2000,mean_warming_1.1C,mean_diff_1.1C,p_value_1.1C,mean_warming_2C,mean_diff_2C,p_value_2C,mean_warming_2C_dry,mean_diff_2C_dry,p_value_2C_dry,mean_warming_2C_wet,mean_diff_2C_wet,p_value_2C_wet
American Elm,Dormancy_doy,332.04,341.74,9.7,0,344.01,11.97,0,344.01,11.97,0,344.01,11.97,0
American Elm,Greenup_doy,97.04,97.04,-0,0.977,97.04,-0,0.977,97.04,-0,0.977,97.04,-0,0.977
American Elm,Maturity_doy,158.45,156.29,-2.15,0,156.29,-2.16,0,156.31,-2.14,0,153.66,-4.79,0
American Elm,Senescence_doy,260.93,269.24,8.3,0,270.81,9.87,0,270.81,9.87,0,271,10.06,0
American Linden,Dormancy_doy,335.92,344.42,8.5,0,345.12,9.2,0,345.12,9.2,0,345.12,9.2,0
American Linden,Greenup_doy,91.07,91.57,0.5,0.283,91.57,0.5,0.283,91.57,0.5,0.283,91.57,0.5,0.283
American Linden,Maturity_doy,160.45,156.29,-4.16,0,156.15,-4.29,0,156.07,-4.38,0,150.92,-9.52,0
American Linden,Senescence_doy,256.88,265.94,9.06,0,266.44,9.55,0,266.44,9.55,0,266.7,9.81,0
Common Hackberry,Dormancy_doy,323.45,338.51,15.06,0,340.75,17.31,0,340.75,17.31,0,340.75,17.31,0
Common Hackberry,Greenup_doy,97.98,96.13,-1.85,0,96.13,-1.85,0,96.13,-1.85,0,96.13,-1.85,0
Common Hackberry,Maturity_doy,156.42,151.23,-5.19,0,154,-2.42,0,153.87,-2.55,0,153.2,-3.22,0
Common Hackberry,Senescence_doy,250.75,252.96,2.21,0,257.34,6.59,0,257.34,6.59,0,257.57,6.82,0
Eastern Cottonwood,Dormancy_doy,334.25,340.86,6.61,0,341.2,6.94,0,341.2,6.94,0,341.2,6.94,0
Eastern Cottonwood,Greenup_doy,94.32,94.38,0.06,0.311,94.38,0.06,0.311,94.38,0.06,0.311,94.38,0.06,0.311
Eastern Cottonwood,Maturity_doy,152.52,150.89,-1.63,0,151.26,-1.26,0,151.35,-1.17,0,151,-1.52,0
Eastern Cottonwood,Senescence_doy,261.93,264.15,2.22,0,264.63,2.71,0,264.63,2.71,0,273.1,11.17,0
Green Ash,Dormancy_doy,320.42,326.3,5.87,0,327.71,7.29,0,327.71,7.29,0,327.71,7.29,0
Green Ash,Greenup_doy,98.25,98.03,-0.22,0.005,98.03,-0.22,0.005,98.03,-0.22,0.005,98.03,-0.22,0.005
Green Ash,Maturity_doy,156.37,155.44,-0.92,0,156.53,0.17,0,156.08,-0.29,0,153.83,-2.54,0
Green Ash,Senescence_doy,263.67,266.92,3.25,0,273.52,9.85,0,273.52,9.85,0,273.27,9.59,0
Honey Locust,Dormancy_doy,327.79,339.38,11.59,0,341.1,13.31,0,341.1,13.31,0,341.1,13.31,0
Honey Locust,Greenup_doy,98.95,98.61,-0.34,0.001,98.61,-0.34,0.001,98.61,-0.34,0.001,98.61,-0.34,0.001
Honey Locust,Maturity_doy,160.73,161.2,0.48,0,161.52,0.8,0,161.34,0.62,0,160.12,-0.6,0
Honey Locust,Senescence_doy,257.69,263.88,6.19,0,267.67,9.97,0,267.67,9.97,0,267.77,10.08,0
Northern Red Oak,Dormancy_doy,342.69,344.87,2.18,0,346.95,4.26,0,346.95,4.26,0,346.95,4.26,0
Northern Red Oak,Greenup_doy,100.28,101,0.72,0,101,0.72,0,101,0.72,0,101,0.72,0
Northern Red Oak,Maturity_doy,156.8,156.36,-0.45,0,156.58,-0.23,0.054,156.15,-0.66,0,154.92,-1.89,0
Northern Red Oak,Senescence_doy,267.33,280.64,13.32,0,280.86,13.53,0,280.86,13.53,0,280.87,13.55,0
Plains Cottonwood,Dormancy_doy,337.93,340.43,2.5,0,340.72,2.79,0,340.72,2.79,0,340.72,2.79,0
Plains Cottonwood,Greenup_doy,92.43,91.77,-0.66,0,91.77,-0.66,0,91.77,-0.66,0,91.77,-0.66,0
Plains Cottonwood,Maturity_doy,152.67,150.71,-1.96,0,151.13,-1.54,0,151.45,-1.22,0,150.83,-1.84,0
Plains Cottonwood,Senescence_doy,258.75,261.29,2.53,0,261.5,2.74,0,261.5,2.74,0,268,9.24,0
Siberian Elm,Dormancy_doy,333.71,340.29,6.58,0,343.9,10.19,0,343.9,10.19,0,343.9,10.19,0
Siberian Elm,Greenup_doy,98.83,98.74,-0.1,0.07,98.74,-0.1,0.07,98.74,-0.1,0.07,98.74,-0.1,0.07
Siberian Elm,Maturity_doy,158.04,153.2,-4.84,0,154.03,-4.02,0,153.89,-4.15,0,153.57,-4.47,0
Siberian Elm,Senescence_doy,260.3,278.31,18.01,0,279.79,19.49,0,279.79,19.49,0,280.31,20.01,0
Silver Maple,Dormancy_doy,335.82,343.34,7.52,0,345.42,9.6,0,345.42,9.6,0,345.42,9.6,0
Silver Maple,Greenup_doy,99.52,99.41,-0.11,0,99.41,-0.11,0,99.41,-0.11,0,99.41,-0.11,0
Silver Maple,Maturity_doy,152.88,153.37,0.49,0,154.55,1.67,0,154.51,1.63,0,148.99,-3.89,0
Silver Maple,Senescence_doy,256.47,268.06,11.59,0,270.04,13.57,0,270.04,13.57,0,271.63,15.16,0
Tree of heaven,Dormancy_doy,315.05,330.24,15.19,0,332.77,17.72,0,332.77,17.72,0,332.77,17.72,0
Tree of heaven,Greenup_doy,104.63,104.24,-0.4,0.055,104.24,-0.4,0.055,104.24,-0.4,0.055,104.24,-0.4,0.055
Tree of heaven,Maturity_doy,163.41,160.94,-2.47,0,161.18,-2.23,0,161.11,-2.3,0,160.64,-2.76,0
Tree of heaven,Senescence_doy,262.97,268.9,5.93,0,280.84,17.87,0,280.84,17.87,0,280.88,17.9,0
Western Catalpa,Dormancy_doy,324.39,341.32,16.92,0,342.71,18.31,0,342.71,18.31,0,342.71,18.31,0
Western Catalpa,Greenup_doy,92.27,93.23,0.96,0.097,93.23,0.96,0.097,93.23,0.96,0.097,93.23,0.96,0.097
Western Catalpa,Maturity_doy,172.11,167.66,-4.45,0,167.77,-4.35,0,167.81,-4.31,0,167.28,-4.83,0
Western Catalpa,Senescence_doy,258.61,267.25,8.64,0,277.72,19.11,0,277.72,19.11,0,277.68,19.08,0
