species,phenology,mean_doy_+1.8C,mean_doy_+1.8C +7% precip,mean_doy_+1.8C -7% precip,mean_doy_Actual Warming +0.8C,mean_doy_Baseline,sd_doy_+1.8C,sd_doy_+1.8C +7% precip,sd_doy_+1.8C -7% precip,sd_doy_Actual Warming +0.8C,sd_doy_Baseline,mean_diff_0.8C,mean_diff_1.8C,mean_diff_1.8C_dry,mean_diff_1.8C_wet,p_value_0.8C,p_value_1.8C,p_value_1.8C_dry,p_value_1.8C_wet
American Elm,Dormancy_doy,342.1957806961986,342.1957806961986,342.1957806961986,340.64797876132565,332.0400537850377,8.046891479180337,8.046891479180337,8.046891479180337,6.71751208682876,7.1749995549246925,8.607924976287961,10.155726911160912,10.155726911160912,10.155726911160912,5.045619989444393e-46,9.49763085286183e-52,9.49763085286183e-52,9.49763085286183e-52
American Elm,Greenup_doy,97.03960116450398,97.03960116450398,97.03960116450398,97.03960116450398,97.04151843378719,8.93413461030829,8.93413461030829,8.93413461030829,8.93413461030829,9.615127148075567,-0.0019172692832114535,-0.0019172692832114535,-0.0019172692832114535,-0.0019172692832114535,0.9979388204791102,0.9979388204791102,0.9979388204791102,0.9979388204791102
American Elm,Maturity_doy,156.28565930253782,153.65712228598306,156.30643002446087,157.80530262907473,158.4452185585095,4.657630919289704,4.850949819425994,4.619434864318974,5.264359778633808,5.765335716008218,-0.6399159294347783,-2.1595592559716863,-2.1387885340486434,-4.788096272526445,0.147536176974616,3.453837781154821e-7,4.0907644353450126e-7,9.082730891630735e-27
American Elm,Senescence_doy,271.51678730047547,271.9236871883892,271.51678730047547,266.39523666430586,263.2619084367356,6.752769106765886,6.946099709951113,6.752769106765886,7.204075188081092,5.777210766533168,3.133328227570246,8.254878863739862,8.254878863739862,8.661778751653571,3.3670786396471835e-9,1.6606394744057635e-50,1.6606394744057635e-50,4.606502784127273e-53
American Linden,Dormancy_doy,345.51114921110224,345.51114921110224,345.51114921110224,342.1642797998635,335.9203741234469,8.596076267346705,8.596076267346705,8.596076267346705,7.0520739987809575,8.957966576696354,6.2439056764166025,9.590775087655345,9.590775087655345,9.590775087655345,1.6041538951078705e-6,5.085103826487049e-11,5.085103826487049e-11,5.085103826487049e-11
American Linden,Greenup_doy,91.57354681175876,91.57354681175876,91.57354681175876,91.57354681175876,91.06868063685405,10.378101236226517,10.378101236226517,10.378101236226517,10.378101236226517,14.240069014638186,0.5048661749047056,0.5048661749047056,0.5048661749047056,0.5048661749047056,0.7944252831520523,0.7944252831520523,0.7944252831520523,0.7944252831520523
American Linden,Maturity_doy,156.15747327689664,150.93021089484893,156.07200732863092,159.07680079448653,160.44590244523013,5.147582135449117,5.049441534851142,5.08583670257185,7.059860626026414,7.814637534254232,-1.3691016507436018,-4.288429168333494,-4.373895116599215,-9.515691550381206,0.2379960510836141,5.1722611781701176e-5,3.5195462295481936e-5,2.271983949191905e-16
American Linden,Senescence_doy,266.3422307393637,266.34881021890294,266.3422307393637,266.0033060096833,262.28150094273576,7.744058520740871,7.529113740564741,7.744058520740871,7.599896165260702,8.23123824776401,3.7218050669475247,4.060729796627925,4.060729796627925,4.06730927616718,0.002875605733511266,0.001296651757324268,0.001296651757324268,0.0011046926738447088
Common Hackberry,Dormancy_doy,338.58159370261404,338.58012293562103,338.58159370261404,338.1190271820197,323.4469104879516,8.036030801260646,8.038543711061214,8.036030801260646,7.49745746034716,6.913338486370674,14.672116694068109,15.13468321466246,15.13468321466246,15.13321244766945,6.461117902263276e-75,8.40536901744487e-74,8.40536901744487e-74,9.012457275096922e-74
Common Hackberry,Greenup_doy,96.13006955561255,96.13006955561255,96.13006955561255,96.13006955561255,97.9769793160354,4.785654028907389,4.785654028907389,4.785654028907389,4.785654028907389,6.528386542754986,-1.8469097604228466,-1.8469097604228466,-1.8469097604228466,-1.8469097604228466,4.904690138387146e-4,4.904690138387146e-4,4.904690138387146e-4,4.904690138387146e-4
Common Hackberry,Maturity_doy,153.98029543075884,153.1847976491421,153.85615809959702,156.07144750925056,156.41933824241414,2.650959041241184,2.664604619711478,2.612709769025813,3.324385120258341,3.4262596860919,-0.347890733163581,-2.4390428116552982,-2.5631801428171173,-3.234540593272044,0.2624943455728115,8.32548829158066e-17,1.9947142926353202e-18,7.208918472330616e-27
Common Hackberry,Senescence_doy,257.3398045407066,257.48213343881855,257.3398045407066,250.7364190982867,251.09913731828522,9.560710480880614,9.534818221064482,9.560710480880614,11.902558950753075,11.839028927604883,-0.36271821999852705,6.2406672224213935,6.2406672224213935,6.382996120533335,0.7395694790871958,6.528861323662879e-10,6.528861323662879e-10,2.644221388243537e-10
Eastern Cottonwood,Dormancy_doy,341.34830081078314,341.3498880940099,341.34830081078314,340.51484101818454,334.2536146102413,7.338381312317789,7.333776523024511,7.338381312317789,6.3038780343043195,5.716034353907794,6.261226407943241,7.094686200541844,7.094686200541844,7.096273483768584,1.3300611498122372e-27,3.8407358830334115e-29,3.8407358830334115e-29,3.579947086673446e-29
Eastern Cottonwood,Greenup_doy,94.37707011930404,94.37707011930404,94.37707011930404,94.37707011930404,94.32205833927277,6.918409394341189,6.918409394341189,6.918409394341189,6.918409394341189,7.409306509769267,0.055011780031264834,0.055011780031264834,0.055011780031264834,0.055011780031264834,0.931930179256745,0.931930179256745,0.931930179256745,0.931930179256745
Eastern Cottonwood,Maturity_doy,151.26259268483807,151.00492686610067,151.35498083791424,152.7061998305782,152.51671661869173,3.4524168119267467,3.4511460801110205,3.331968375866873,4.240643871138492,4.329965810136927,0.18948321188648265,-1.2541239338536627,-1.1617357807774908,-1.5117897525910564,0.6226889015409598,3.990147177434421e-4,8.785882426217129e-4,2.0803112740164894e-5
Eastern Cottonwood,Senescence_doy,265.02849418886245,272.5510877793835,265.02849418886245,264.2644440435594,262.6879738223168,8.56766301562761,5.497996093768912,8.56766301562761,7.832153351051813,6.661363926209187,1.57647022124263,2.340520366545661,2.340520366545661,9.86311395706673,0.01612538324952219,7.41566509149306e-4,7.41566509149306e-4,1.4135006486153794e-55
Green Ash,Dormancy_doy,327.1040234498303,327.1040234498303,327.1040234498303,326.138730505741,320.42458261817393,11.13152755853534,11.13152755853534,11.13152755853534,11.030306393313364,8.635378466344273,5.714147887567094,6.679440831656393,6.679440831656393,6.679440831656393,6.568327147608661e-19,1.1935609827852512e-24,1.1935609827852512e-24,1.1935609827852512e-24
Green Ash,Greenup_doy,98.026558353925,98.026558353925,98.026558353925,98.026558353925,98.24976363519225,7.91570844162503,7.91570844162503,7.91570844162503,7.91570844162503,9.480958724159665,-0.22320528126725492,-0.22320528126725492,-0.22320528126725492,-0.22320528126725492,0.6877198376321971,0.6877198376321971,0.6877198376321971,0.6877198376321971
Green Ash,Maturity_doy,156.3147466794409,153.60890447443182,155.85756410540955,156.42835702607127,156.36585166237572,3.3793418262859487,2.7898255627355724,3.1952494396296287,3.980943369352538,4.201910519470522,0.06250536369554993,-0.05110498293481669,-0.5082875569661667,-2.7569471879438936,0.8101828344915223,0.8330403731480326,0.03243183378131577,1.6494387145570015e-31
Green Ash,Senescence_doy,273.85485297309026,273.740754900075,273.85485297309026,263.52417679603656,263.81388115160394,5.87301876194791,5.877215435549932,5.87301876194791,4.222705069224064,4.204366474083388,-0.2897043555673804,10.040971821486323,10.040971821486323,9.926873748471053,0.2796629884625204,1.8997193072452768e-143,1.8997193072452768e-143,4.700858953820618e-141
Honey Locust,Dormancy_doy,339.72739190193374,339.72739190193374,339.72739190193374,338.9257163890249,327.79138708531684,8.036201210035241,8.036201210035241,8.036201210035241,7.265503986313337,6.117727432231458,11.134329303708057,11.9360048166169,11.9360048166169,11.9360048166169,2.0776602150724682e-79,1.1579568821253362e-79,1.1579568821253362e-79,1.1579568821253362e-79
Honey Locust,Greenup_doy,98.61170519058628,98.61170519058628,98.61170519058628,98.61170519058628,98.947229179627,9.379298999758973,9.379298999758973,9.379298999758973,9.379298999758973,10.623573770414788,-0.33552398904072334,-0.33552398904072334,-0.33552398904072334,-0.33552398904072334,0.6611753926149806,0.6611753926149806,0.6611753926149806,0.6611753926149806
Honey Locust,Maturity_doy,161.5222497611977,160.12196127666328,161.34255901370034,161.17352526250457,160.72617466873749,4.793514990976039,4.617450107243368,4.698230562199271,5.397288523199013,5.928377466157054,0.44735059376708364,0.796075092460228,0.616384344962853,-0.6042133920742003,0.30178416657545,0.05356042151661267,0.1317498571485812,0.1369332433046683
Honey Locust,Senescence_doy,267.41982538429016,267.54690574000944,267.41982538429016,260.86616320373713,259.376044092651,7.722286601839184,7.821229996858602,7.722286601839184,6.36660644282433,4.327995115058871,1.4901191110861305,8.043781291639164,8.043781291639164,8.170861647358436,3.646192909861362e-4,2.3305528825330413e-51,2.3305528825330413e-51,9.019554933430503e-52
Northern Red Oak,Dormancy_doy,345.07190331747364,345.0716893395712,345.07190331747364,342.90248711164605,342.69137502271076,5.173164234302755,5.1732361545891274,5.173164234302755,4.059418035578526,4.2011592009368215,0.21111208893529465,2.3805282947628825,2.3805282947628825,2.3803143168604493,0.7379466666054112,0.00113824405781223,0.00113824405781223,0.0011394861975211092
Northern Red Oak,Greenup_doy,100.9966294044672,100.9966294044672,100.9966294044672,100.9966294044672,100.27528798302939,8.734452328347848,8.734452328347848,8.734452328347848,8.734452328347848,10.158648840164071,0.7213414214378133,0.7213414214378133,0.7213414214378133,0.7213414214378133,0.6182201370412272,0.6182201370412272,0.6182201370412272,0.6182201370412272
Northern Red Oak,Maturity_doy,156.57700312414835,154.91579845339754,156.14870648051416,156.53546000635902,156.80497865898664,4.265876283140903,4.056196737339021,4.122455866643589,4.703928419121641,5.063970004902071,-0.26951865262762453,-0.22797553483829347,-0.6562721784724772,-1.8891802055890992,0.7180846204455835,0.7499046398550064,0.352694113308455,0.007664341096210555
Northern Red Oak,Senescence_doy,281.58574144230334,281.6697822393373,281.58574144230334,281.2329616103061,272.7996615032817,6.325458509835795,6.3374761601825815,6.325458509835795,6.317826446527682,6.554050806001058,8.433300107024422,8.786079939021647,8.786079939021647,8.870120736055583,5.397798240324685e-15,6.19609461984936e-16,6.19609461984936e-16,3.845344100896159e-16
Plains Cottonwood,Dormancy_doy,340.8029534381369,340.8029534381369,340.8029534381369,340.09423496412194,337.92941974142326,9.988428996326535,9.988428996326535,9.988428996326535,8.68020191036518,8.443586932354338,2.164815222698678,2.8735336967136504,2.8735336967136504,2.8735336967136504,0.006956592571370654,9.341267747852109e-4,9.341267747852109e-4,9.341267747852109e-4
Plains Cottonwood,Greenup_doy,91.76986911607825,91.76986911607825,91.76986911607825,91.76986911607825,92.42757001130477,10.223000128418523,10.223000128418523,10.223000128418523,10.223000128418523,10.403978263958129,-0.6577008952265118,-0.6577008952265118,-0.6577008952265118,-0.6577008952265118,0.4944216273089511,0.4944216273089511,0.4944216273089511,0.4944216273089511
Plains Cottonwood,Maturity_doy,151.12614188816235,150.83287605617357,151.45103295367696,151.97798203178073,152.67091104258662,4.289215431534183,4.168169827124583,4.055432854170028,4.730230470562505,4.7749628138198545,-0.6929290108058979,-1.544769154424273,-1.2198780889096668,-1.8380349864130494,0.11862236562958361,2.9282559224161407e-4,0.003312097499214566,1.3658199891498479e-5
Plains Cottonwood,Senescence_doy,261.3097347093665,267.9608668451724,261.3097347093665,261.1134985218877,259.34245134436566,9.719079757045678,8.05194239262311,9.719079757045678,9.562753044780111,7.9763798514826005,1.771047177522064,1.967283365000867,1.967283365000867,8.618415500806748,0.031549202860767775,0.01807445214952758,0.01807445214952758,3.452705850478133e-27
Siberian Elm,Dormancy_doy,340.58736373157035,340.58736373157035,340.58736373157035,337.5191918349848,333.71137302677806,4.899976487248149,4.899976487248149,4.899976487248149,4.082064012193738,4.038452358515633,3.8078188082067186,6.875990704792287,6.875990704792287,6.875990704792287,3.628141092936944e-30,3.139826031036551e-67,3.139826031036551e-67,3.139826031036551e-67
Siberian Elm,Greenup_doy,98.73693729028469,98.73693729028469,98.73693729028469,98.73693729028469,98.83253856984581,7.580178652324447,7.580178652324447,7.580178652324447,7.580178652324447,8.054585941658571,-0.09560127956112296,-0.09560127956112296,-0.09560127956112296,-0.09560127956112296,0.8756561319337652,0.8756561319337652,0.8756561319337652,0.8756561319337652
Siberian Elm,Maturity_doy,154.00681765486556,153.5480618360566,153.87475948798948,153.01100823937392,158.04024505615234,4.576972548198774,4.60941441943542,4.482679296575069,5.3218337887928415,5.875275332686398,-5.029236816778422,-4.033427401286787,-4.165485568162865,-4.49218322009574,6.134601846150841e-28,3.3421668877789943e-21,1.0672580168458464e-22,2.089874456790778e-25
Siberian Elm,Senescence_doy,279.86639702029345,281.14733570378,279.86639702029345,277.1964954283179,265.33845092029105,5.7371838530730335,5.609464951468137,5.7371838530730335,5.625524976059837,5.8565039549334506,11.858044508026865,14.527946100002396,14.527946100002396,15.808884783488963,2.5365529444035868e-105,2.0107897425338028e-136,2.0107897425338028e-136,1.5838390038906192e-153
Silver Maple,Dormancy_doy,345.49087614171646,345.49087614171646,345.49087614171646,342.84235747521666,335.81957770596034,6.518768756617935,6.518768756617935,6.518768756617935,5.471236763817533,4.709019886066525,7.022779769256317,9.671298435756114,9.671298435756114,9.671298435756114,8.901674829973313e-162,2.948486432355853e-222,2.948486432355853e-222,2.948486432355853e-222
Silver Maple,Greenup_doy,99.41136005946568,99.41136005946568,99.41136005946568,99.41136005946568,99.52335001039906,6.263306303205936,6.263306303205936,6.263306303205936,6.263306303205936,6.48365234568675,-0.11198995093337771,-0.11198995093337771,-0.11198995093337771,-0.11198995093337771,0.7015387516763933,0.7015387516763933,0.7015387516763933,0.7015387516763933
Silver Maple,Maturity_doy,154.54231784724388,148.9798347088469,154.50072737301096,153.14959280831474,152.880239679032,2.731138583385294,3.2167791500351366,2.6617045368198022,4.033498520058353,4.2202009343812446,0.26935312928273447,1.6620781682118775,1.6204876939789585,-3.900404970185093,0.15471925682781226,9.899166811163274e-24,5.744887744177198e-23,3.2034527131745164e-100
Silver Maple,Senescence_doy,270.0763552850034,271.18891239967667,270.0763552850034,267.8270877229065,259.66166921022557,9.456924638568484,9.52675900525972,9.456924638568484,8.666323255790042,6.543792666439259,8.165418512680958,10.41468607477782,10.41468607477782,11.527243189451099,3.5383469747809926e-104,1.3618600810423452e-141,1.3618600810423452e-141,2.14384496782015e-165
Tree of heaven,Dormancy_doy,330.34044050133747,330.34044050133747,330.34044050133747,330.0604612930961,315.0543451723845,9.087566761623025,9.087566761623025,9.087566761623025,9.269043931060555,6.825190885826067,15.006116120711624,15.286095328952968,15.286095328952968,15.286095328952968,9.403945202738601e-26,6.097304050254919e-27,6.097304050254919e-27,6.097304050254919e-27
Tree of heaven,Greenup_doy,104.2362810217816,104.2362810217816,104.2362810217816,104.2362810217816,104.63392224519148,9.197824407024799,9.197824407024799,9.197824407024799,9.197824407024799,10.739280317836409,-0.3976412234098916,-0.3976412234098916,-0.3976412234098916,-0.3976412234098916,0.7876737198672696,0.7876737198672696,0.7876737198672696,0.7876737198672696
Tree of heaven,Maturity_doy,161.15753903596297,160.6211007159689,161.0885936902917,161.54431898697564,163.40646959387738,3.41894398089397,3.19907192991694,3.4459121301217928,3.61966135606588,3.704842924422867,-1.8621506069017357,-2.248930557914406,-2.317875903585673,-2.7853688779084678,7.006986932665505e-4,3.04109772192654e-5,1.8914138064547488e-5,1.5949998125540214e-7
Tree of heaven,Senescence_doy,280.63033692733103,280.68024975320566,280.63033692733103,264.08917286085045,263.70755071225375,5.044693485438061,5.057742992871147,5.044693485438061,3.977678674474688,3.8979067850542894,0.38162214859670485,16.92278621507728,16.92278621507728,16.97269904095191,0.5118442634553307,4.3713932040918933e-60,4.3713932040918933e-60,3.9442166688245704e-60
Western Catalpa,Dormancy_doy,341.4881164550781,341.4881164550781,341.4881164550781,341.02809753417966,324.3945251464844,8.521592993669696,8.521592993669696,8.521592993669696,8.03383222975823,8.154081021595996,16.633572387695267,17.093591308593716,17.093591308593716,17.093591308593716,2.081984789612123e-20,2.4997752824924358e-20,2.4997752824924358e-20,2.4997752824924358e-20
Western Catalpa,Greenup_doy,93.226451365153,93.226451365153,93.226451365153,93.226451365153,92.26565526326497,10.136511620028731,10.136511620028731,10.136511620028731,10.136511620028731,13.386183619243564,0.9607961018880218,0.9607961018880218,0.9607961018880218,0.9607961018880218,0.6584702883122309,0.6584702883122309,0.6584702883122309,0.6584702883122309
Western Catalpa,Maturity_doy,167.77916412353517,167.29439163208008,167.81829325358072,171.89751052856445,172.1123191833496,5.156748748797793,4.983433481498546,5.215129947604585,4.386283919902047,4.770274433202389,-0.21480865478514488,-4.33315505981443,-4.294025929768878,-4.81792755126952,0.797813772840283,5.173211584680284e-6,6.979789207186138e-6,3.362721259179338e-7
Western Catalpa,Senescence_doy,278.0408706665039,278.0227996826172,278.0408706665039,263.05353724161785,259.45711085001625,6.374922655434023,6.362325454655543,6.374922655434023,5.547789842531991,3.9236664810578374,3.5964263916015966,18.583759816487657,18.583759816487657,18.565688832600927,8.117150622090795e-5,4.753961419130623e-35,4.753961419130623e-35,4.383946071595098e-35
